3:50[2]  :+ 70(3) 58(2) 53(2)                   62(3) 57(2) 
00011100  -                   35(2) 20(1) 45(2)               (2):3/5  (3):2/2


4:53[2]  :+ 73(3) 61(3)                         65(3) 60(2) 
00111100  -             50(2) 38(2) 23(1) 48(2)               (2):1/4  (3):3/3


4:57[2]  :+ 77(3) 65(3) 60(2)                   69(3)       
00011101  -                   42(2) 27(1) 52(2)       50(2)   (2):1/4  (3):3/3


4:58[2]  :+ 78(3)       61(3)                   70(3) 65(3) 
01011100  -       50(2)       43(2) 28(1) 53(2)               (3):4/4


4:62[3]  :+ 82(3) 70(3) 65(3)                         69(3) 
00011110  -                   47(2) 32(2) 57(2) 50(2)         (3):4/4


4:70[3]  :+       78(3) 73(3)                   82(3) 77(3) 
10011100  - 50(2)             55(2) 40(2) 65(3)               (3):4/5


5:60[2]  :+ 80(3) 68(3)                         72(3)       
00111101  -             57(2) 45(2) 30(1) 55(2)       53(2)   (3):3/3


5:61[3]  :+ 81(3)                               73(3) 68(3) 
01111100  -       53(2) 58(2) 46(2) 31(2) 56(2)               (3):3/3


5:65[3]  :+ 85(3) 73(3)                               72(3) 
00111110  -             62(3) 50(2) 35(2) 60(2) 53(2)         (3):3/4


5:65[3]  :+ 85(3)       68(3)                   77(3)       
01011101  -       57(2)       50(2) 35(2) 60(2)       58(2)   (3):3/3


5:69[3]  :+ 89(3) 77(3) 72(3)                               
00011111  -                   54(2) 39(2) 64(3) 57(2) 62(3)   (3):3/5


5:70[3]  :+ 90(3)       73(3)                         77(3) 
01011110  -       62(3)       55(2) 40(2) 65(3) 58(2)         (3):3/5


5:73[3]  :+       81(3)                         85(3) 80(3) 
10111100  - 53(2)       70(3) 58(2) 43(2) 68(3)               (3):3/5


5:77[3]  :+       85(3) 80(3)                   89(3)       
10011101  - 57(2)             62(3) 47(2) 72(3)       70(3)   (3):3/6


5:78[3]  :+             81(3)                   90(3) 85(3) 
11011100  - 58(2) 70(3)       63(3) 48(2) 73(3)               (3):3/6


5:82[3]  :+       90(3) 85(3)                         89(3) 
10011110  - 62(3)             67(3) 52(2) 77(3) 70(3)         (3):3/7


6:68[3]  :+ 88(3)                               80(3)       
01111101  -       60(2) 65(3) 53(2) 38(2) 63(3)       61(3)   (3):2/5


6:72[3]  :+ 92(3) 80(3)                                     
00111111  -             69(3) 57(2) 42(2) 67(3) 60(2) 65(3)   (3):2/5


6:73[3]  :+ 93(3)                                     80(3) 
01111110  -       65(3) 70(3) 58(2) 43(2) 68(3) 61(3)         (3):2/6


6:77[3]  :+ 97(3)       80(3)                               
01011111  -       69(3)       62(3) 47(2) 72(3) 65(3) 70(3)   (3):2/7


6:80[3]  :+       88(3)                         92(3)       
10111101  - 60(2)       77(3) 65(3) 50(2) 75(3)       73(3)   (3):2/6


6:81[3]  :+                                     93(3) 88(3) 
11111100  - 61(3) 73(3) 78(3) 66(3) 51(2) 76(3)               (3):2/7


6:85[3]  :+       93(3)                               92(3) 
10111110  - 65(3)       82(3) 70(3) 55(2) 80(3) 73(3)         (3):2/7


6:85[3]  :+             88(3)                   97(3)       
11011101  - 65(3) 77(3)       70(3) 55(2) 80(3)       78(3)   (3):2/7


6:89[3]  :+       97(3) 92(3)                               
10011111  - 69(3)             74(3) 59(2) 84(3) 77(3) 82(3)   (3):2/7


6:90[3]  :+             93(3)                         97(3) 
11011110  - 70(3) 82(3)       75(3) 60(2) 85(3) 78(3)         (3):2/7


7:80[3]  :+ 100(4)                                           
01111111  -       72(3) 77(3) 65(3) 50(2) 75(3) 68(3) 73(3)   (4):1/1


7:88[3]  :+                                     100(4)       
11111101  - 68(3) 80(3) 85(3) 73(3) 58(2) 83(3)       81(3)   (4):1/1


7:92[3]  :+       100(4)                                     
10111111  - 72(3)       89(3) 77(3) 62(3) 87(3) 80(3) 85(3)   (4):1/1


7:93[3]  :+                                           100(4) 
11111110  - 73(3) 85(3) 90(3) 78(3) 63(3) 88(3) 81(3)         (4):1/1


7:97[3]  :+             100(4)                               
11011111  - 77(3) 89(3)       82(3) 67(3) 92(3) 85(3) 90(3)   (4):1/1


8:100[4]  :+                                                 
11111111  - 80(3) 92(3) 97(3) 85(3) 70(3) 95(3) 88(3) 93(3) 


